2->[(515, 60), (503, -26), (31, -26), (31, 6), (42, 36), (52, 62), (75, 86), (74, 110), (100, 141), (121, 158), (150, 196), (170, 214), (218, 260), (278, 294), (308, 332), (358, 370), (380, 400), (422, 445), (422, 508), (422, 561), (384, 598), (345, 648), (284, 635), (219, 635), (141, 559), (130, 488), (57, 498), (46, 603), (110, 656), (180, 710), (286, 710), (391, 715), (453, 652), (514, 593), (514, 506), (514, 460), (480, 381), (436, 330), (416, 300), (381, 274), (347, 242), (298, 215), (257, 167), (231, 144), (221, 121), (183, 109), (182, 97), (164, 73), (156, 60)], 
5->[(137, 173), (147, 103), (223, 36), (278, 35), (343, 35), (380, 84), (433, 136), (433, 224), (433, 292), (345, 380), (263, 372), (232, 380), (198, 364), (164, 341), (135, 310), (58, 324), (129, 697), (487, 697), (494, 610), (202, 611), (162, 414), (190, 423), (229, 448), (264, 460), (300, 460), (396, 460), (463, 402), (543, 334), (528, 223), (528, 124), (459, 51), (399, -39), (177, -39), (115, 17), (51, 74), (43, 166), (141, 173)],
4->[(321, -27), (331, 148), (26, 149), (13, 226), (347, 718), (409, 707), (421, 232), (520, 222), (520, 162), (434, 149), (433, -18), (316, -19), (322, 225), (339, 563), (116, 232), (319, 219)], 
7->[(48, 611), (61, 698), (523, 698), (523, 627), (483, 590), (461, 541), (419, 491), (378, 442), (349, 353), (323, 289), (292, 228), (278, 175), (252, 83), (245, -26), (164, -23), (148, 17), (160, 73), (169, 121), (185, 183), (209, 292), (278, 405), (308, 475), (341, 525), (374, 572), (408, 611), (48, 597)], 
1->[(382, -39), (281, -19), (292, 532), (271, 505), (206, 486), (152, 455), (108, 451), (112, 538), (180, 569), (229, 616), (284, 637), (292, 654), (312, 686), (314, 702), (388, 707), (382, -26)], 
0->[(43, 335), (33, 468), (69, 545), (95, 624), (148, 667), (187, 699), (282, 710), (389, 703), (459, 617), (487, 574), (511, 508), (526, 447), (520, 335), (520, 273), (514, 219), (508, 177), (508, 126), (466, 46), (362, -39), (282, -45), (176, -39), (115, 37), (53, 127), (135, 335), (135, 154), (168, 95), (218, 35), (343, 35), (385, 96), (428, 167), (428, 335), (428, 515), (385, 576), (344, 640), (269, 626), (221, 635), (181, 583), (135, 515)], 
6->[(420, 521), (408, 574), (386, 607), (349, 635), (296, 635), (253, 635), (220, 609), (177, 593), (154, 522), (141, 492), (128, 407), (128, 350), (163, 398), (207, 425), (254, 449), (306, 449), (395, 449), (522, 316), (522, 211), (522, 143), (463, 24), (360, -39), (293, -39), (180, -39), (39, 124), (39, 317), (39, 530), (117, 626), (185, 710), (301, 720), (388, 710), (443, 661), (498, 614), (510, 528), (414, 521), (142, 222), (158, 166), (162, 122), (182, 69), (210, 57), (253, 41), (282, 35), (347, 46), (430, 115), (431, 206), (430, 281), (388, 326), (349, 370), (287, 370), (228, 370), (142, 282), (142, 224)], 
3->[(132, 180), (148, 87), (185, 63), (221, 43), (276, 35), (340, 35), (427, 123), (427, 250), (387, 283), (345, 326), (284, 331), (257, 331), (229, 321), (225, 400), (236, 400), (239, 399), (250, 399), (244, 399), (303, 399), (394, 459), (394, 522), (394, 571), (366, 604), (330, 631), (274, 635), (222, 635), (153, 572), (142, 504), (52, 520), (69, 612), (127, 660), (173, 710), (272, 701), (332, 718), (383, 683), (433, 659), (488, 569), (487, 520), (487, 483), (462, 432), (436, 390), (386, 371), (451, 371), (487, 309), (523, 262), (523, 190), (523, 95), (383, -40), (276, -40), (179, -40), (129, 18), (52, 75), (43, 167), (133, 180)], 
9->[(142, 151), (160, 85), (184, 62), (220, 35), (253, 35), (307, 35), (337, 57), (368, 73), (408, 137), (422, 191), (428, 217), (435, 273), (435, 300), (435, 308), (435, 313), (434, 319), (409, 276), (360, 249), (315, 223), (259, 223), (168, 223), (105, 275), (43, 354), (43, 462), (43, 574), (173, 710), (273, 710), (343, 710), (404, 671), (463, 633), (480, 562), (524, 489), (524, 356), (524, 214), (494, 131), (464, 53), (418, -8), (351, -39), (253, -39), (175, -39), (122, 9), (67, 57), (56, 144), (430, 472), (425, 544), (341, 635), (284, 635), (223, 635), (179, 586), (146, 539), (135, 459), (148, 390), (177, 345), (220, 301), (282, 313), (344, 301), (425, 391), (425, 466)], 
8->[(181, 371), (71, 426), (71, 521), (72, 603), (128, 656), (193, 710), (282, 710), (378, 710), (495, 596), (495, 527), (495, 412), (386, 371), (466, 349), (489, 300), (524, 251), (524, 184), (524, 88), (458, 25), (391, -48), (297, -39), (174, -39), (108, 25), (42, 102), (42, 186), (42, 257), (78, 318), (114, 354), (163, 524), (163, 470), (230, 406), (284, 406), (346, 406), (383, 439), (402, 470), (402, 519), (406, 567), (368, 601), (334, 635), (283, 635), (214, 635), (197, 603), (163, 570), (160, 524), (134, 186), (134, 146), (152, 111), (159, 75), (202, 55), (242, 35), (284, 35), (316, 49), (343, 46), (369, 57), (390, 77), (432, 117), (432, 248), (346, 332), (285, 332), (217, 324), (185, 290), (134, 249)]
6->[(420, 521), (408, 574), (386, 598), (349, 635), (296, 646), (253, 635), (220, 612), (177, 580), (154, 522), (155, 492), (135, 435), (128, 407), (128, 352), (161, 402), (207, 422), (254, 449), (306, 449), (391, 449), (459, 382), (522, 316), (522, 211), (522, 143), (493, 88), (472, 24), (412, -7), (360, -39), (293, -47), (180, -39), (110, 43), (45, 124), (39, 317), (39, 530), (117, 626), (185, 710), (301, 701), (388, 710), (443, 661), (498, 621), (510, 528), (404, 521), (142, 224), (142, 166), (162, 122), (182, 86), (218, 57), (253, 35), (292, 35), (347, 47), (389, 81), (430, 127), (430, 206), (430, 281), (390, 326), (349, 368), (288, 370), (228, 370), (174, 326), (142, 281), (142, 204)], 
3->[(133, 180), (148, 110), (185, 69), (221, 35), (276, 35), (340, 43), (384, 79), (427, 113), (417, 188), (427, 250), (387, 290), (345, 331), (284, 331), (250, 331), (220, 321), (230, 400), (236, 400), (239, 411), (243, 399), (245, 399), (303, 399), (348, 428), (394, 456), (394, 522), (394, 571), (330, 635), (280, 635), (222, 635), (187, 597), (153, 572), (142, 504), (52, 520), (69, 612), (127, 660), (186, 715), (271, 710), (332, 710), (383, 683), (433, 649), (460, 614), (487, 569), (487, 470), (436, 394), (386, 371), (451, 342), (477, 309), (534, 262), (523, 187), (523, 95), (453, 27), (383, -31), (276, -40), (179, -40), (116, 18), (52, 78), (38, 166)], 
8->[(181, 371), (71, 412), (71, 521), (71, 603), (185, 710), (279, 710), (378, 710), (495, 596), (495, 519), (495, 412), (386, 371), (454, 349), (489, 300), (534, 251), (524, 184), (524, 88), (458, 15), (391, -39), (283, -39), (177, -39), (108, 30), (42, 86), (42, 186), (42, 257), (114, 354), (181, 382), (165, 524), (163, 470), (197, 439), (232, 406), (293, 406), (333, 406), (369, 439), (402, 470), (402, 519), (415, 567), (368, 601), (334, 634), (283, 635), (229, 635), (197, 588), (163, 570), (163, 524), (145, 186), (134, 146), (163, 111), (169, 74), (197, 68), (242, 35), (284, 35), (316, 35), (369, 57), (390, 77), (432, 117), (432, 248), (346, 332), (217, 332), (179, 290), (134, 249), (128, 174)], 
4->[(317, -31), (338, 137), (5, 149), (27, 232), (348, 707), (421, 707), (426, 232), (520, 240), (520, 137), (421, 155), (421, -22), (331, -26), (326, 222), (327, 553), (102, 232), (342, 238)], 
1->[(382, -23), (281, -40), (292, 547), (263, 505), (198, 486), (145, 445), (112, 445), (112, 537), (186, 567), (244, 609), (262, 634), (298, 664), (312, 686), (324, 710), (377, 705), (378, -22)], 
5->[(152, 173), (147, 113), (185, 74), (222, 40), (278, 35), (343, 35), (433, 136), (433, 214), (433, 290), (389, 347), (345, 380), (276, 380), (232, 380), (164, 341), (143, 310), (58, 320), (129, 697), (494, 697), (494, 611), (214, 617), (162, 414), (194, 424), (229, 448), (264, 460), (300, 460), (408, 460), (463, 398), (528, 329), (528, 223), (528, 124), (470, 51), (386, -39), (177, -39), (129, 17), (51, 82), (43, 166), (137, 173)], 
7->[(36, 611), (39, 686), (523, 698), (523, 627), (487, 590), (453, 541), (419, 482), (384, 429), (350, 367), (323, 304), (299, 241), (278, 175), (252, 77), (259, -24), (145, -13), (160, 60), (169, 121), (185, 196), (230, 293), (278, 431), (308, 478), (374, 572), (399, 611), (36, 619)], 
0->[(43, 335), (43, 468), (69, 535), (94, 638), (148, 667), (202, 710), (282, 710), (398, 710), (459, 617), (479, 574), (513, 514), (520, 447), (520, 335), (532, 271), (514, 208), (508, 166), (494, 112), (466, 46), (414, 4), (362, -46), (282, -39), (167, -39), (115, 37), (43, 134), (121, 336), (135, 154), (184, 95), (218, 35), (343, 35), (371, 96), (428, 155), (419, 323), (428, 515), (376, 576), (344, 635), (218, 635), (181, 594), (135, 515), (135, 335)], 
2->[(515, 60), (522, -26), (35, -26), (31, 6), (30, 36), (52, 62), (66, 86), (92, 110), (100, 134), (121, 158), (179, 212), (218, 245), (278, 294), (358, 370), (393, 400), (422, 457), (422, 496), (422, 561), (347, 635), (219, 635), (180, 583), (142, 559), (140, 488), (48, 496), (57, 603), (180, 710), (391, 710), (453, 666), (524, 593), (514, 506), (514, 460), (480, 381), (436, 330), (406, 307), (381, 274), (347, 242), (298, 201), (257, 171), (231, 144), (195, 120), (180, 109), (182, 107), (180, 85), (164, 73), (156, 60)], 
9->[(142, 151), (154, 88), (184, 68), (215, 32), (264, 35), (307, 35), (337, 70), (368, 73), (408, 137), (422, 191), (428, 217), (432, 245), (443, 273), (435, 300), (435, 319), (435, 313), (434, 319), (409, 276), (360, 249), (315, 226), (259, 223), (168, 235), (108, 297), (43, 354), (43, 462), (43, 574), (173, 710), (279, 710), (343, 723), (403, 671), (463, 633), (524, 489), (524, 356), (524, 214), (481, 131), (464, 49), (343, -39), (262, -39), (175, -39), (122, 9), (67, 57), (56, 144), (434, 466), (425, 544), (341, 635), (284, 635), (223, 635), (135, 539), (143, 459), (135, 387), (177, 345), (230, 301), (282, 301), (344, 301), (381, 345), (425, 381), (425, 466)],
9->[(142, 151), (154, 88), (191, 62), (215, 26), (264, 35), (307, 35), (337, 54), (395, 105), (408, 137), (422, 191), (440, 247), (435, 273), (435, 300), (435, 308), (435, 313), (421, 319), (409, 276), (360, 249), (315, 220), (259, 223), (168, 223), (43, 354), (43, 462), (43, 574), (173, 710), (273, 710), (353, 710), (403, 671), (463, 633), (524, 489), (514, 357), (524, 214), (464, 49), (403, -6), (343, -35), (262, -39), (175, -40), (67, 57), (56, 144), (142, 152), (425, 466), (425, 544), (383, 590), (341, 629), (284, 635), (223, 635), (169, 586), (135, 539), (135, 459), (135, 387), (177, 358), (220, 301), (344, 301), (425, 391)], 
7->[(49, 611), (48, 698), (523, 698), (531, 627), (487, 591), (453, 541), (419, 503), (384, 429), (349, 367), (312, 304), (297, 241), (278, 175), (242, 82), (244, -39), (151, -34), (152, 6), (146, 59), (169, 120), (181, 181), (217, 317), (278, 419), (298, 478), (351, 525), (374, 572), (418, 611), (48, 612)], 
0->[(43, 335), (43, 472), (69, 544), (99, 624), (148, 661), (202, 710), (282, 710), (398, 710), (459, 617), (487, 574), (504, 508), (520, 436), (520, 335), (520, 267), (514, 219), (508, 166), (488, 126), (466, 46), (414, 4), (359, -27), (282, -39), (176, -39), (115, 37), (43, 127), (43, 325), (135, 335), (135, 154), (177, 101), (218, 35), (295, 27), (343, 51), (385, 87), (428, 161), (428, 335), (428, 515), (344, 636), (281, 648), (218, 635), (181, 583), (143, 515), (135, 341)], 
1->[(369, -26), (292, -30), (281, 541), (259, 520), (204, 486), (137, 445), (112, 439), (118, 536), (186, 561), (239, 607), (282, 637), (292, 653), (312, 680), (328, 721), (393, 700), (382, -26)], 
8->[(181, 371), (71, 412), (71, 507), (71, 595), (121, 656), (185, 710), (378, 710), (495, 596), (495, 519), (495, 412), (386, 371), (441, 349), (489, 300), (524, 267), (524, 184), (524, 88), (391, -39), (174, -39), (108, 25), (42, 86), (42, 186), (42, 257), (114, 354), (163, 524), (168, 470), (197, 439), (230, 417), (296, 406), (333, 406), (369, 439), (402, 470), (402, 519), (408, 567), (368, 601), (334, 635), (229, 635), (197, 603), (165, 565), (134, 178), (134, 146), (152, 111), (169, 66), (195, 55), (242, 35), (283, 35), (316, 31), (343, 46), (369, 57), (390, 77), (432, 117), (424, 183), (432, 248), (389, 290), (343, 338), (293, 332), (217, 332), (134, 249), (134, 186)], 
2->[(505, 60), (515, -26), (31, -26), (31, 6), (42, 36), (52, 62), (80, 110), (99, 134), (121, 158), (147, 181), (179, 212), (218, 245), (278, 294), (358, 370), (380, 400), (422, 457), (426, 508), (422, 561), (345, 635), (284, 635), (230, 635), (167, 596), (141, 559), (140, 492), (48, 498), (57, 603), (133, 656), (180, 710), (286, 710), (384, 710), (453, 652), (504, 593), (514, 506), (514, 460), (497, 420), (480, 374), (436, 330), (416, 307), (347, 242), (312, 201), (231, 151), (206, 123), (194, 99), (182, 97), (179, 85), (170, 73), (156, 60), (523, 60)], 
5->[(137, 173), (147, 103), (222, 35), (278, 49), (355, 35), (388, 84), (433, 136), (433, 292), (389, 323), (345, 380), (276, 370), (232, 372), (198, 349), (164, 341), (143, 294), (58, 320), (127, 683), (494, 697), (494, 611), (202, 611), (162, 414), (195, 446), (229, 448), (264, 469), (300, 460), (396, 460), (451, 394), (528, 328), (544, 217), (528, 124), (461, 51), (389, -39), (278, -28), (177, -43), (115, 31), (51, 74), (43, 170)], 
6->[(420, 521), (408, 571), (386, 597), (349, 635), (296, 644), (253, 635), (220, 612), (177, 580), (154, 522), (143, 492), (148, 449), (128, 407), (128, 352), (161, 399), (207, 425), (254, 449), (306, 449), (395, 449), (522, 316), (522, 211), (522, 143), (493, 75), (463, 29), (417, -7), (360, -39), (293, -39), (180, -36), (39, 124), (52, 317), (37, 530), (117, 626), (185, 710), (301, 710), (388, 710), (443, 661), (498, 614), (510, 528), (434, 521), (142, 211), (142, 166), (182, 79), (253, 35), (285, 35), (340, 35), (389, 81), (445, 131), (430, 206), (430, 285), (390, 326), (349, 370), (288, 370), (223, 370), (184, 326), (147, 268)], 
3->[(133, 180), (148, 103), (221, 35), (276, 35), (340, 35), (427, 123), (427, 178), (427, 250), (387, 290), (345, 337), (284, 331), (257, 331), (220, 321), (230, 396), (236, 388), (239, 399), (245, 399), (303, 399), (394, 459), (406, 522), (394, 568), (366, 604), (330, 635), (274, 635), (222, 631), (187, 604), (153, 572), (142, 504), (52, 520), (69, 612), (127, 660), (186, 710), (272, 710), (346, 710), (383, 683), (433, 650), (460, 614), (487, 569), (487, 510), (476, 470), (462, 432), (436, 394), (386, 375), (451, 356), (487, 295), (523, 262), (523, 190), (523, 94), (442, 27), (383, -40), (276, -40), (179, -40), (130, 18), (52, 75), (51, 165)], 
4->[(331, -26), (332, 153), (18, 153), (-1, 232), (338, 719), (406, 694), (423, 232), (520, 223), (508, 136), (418, 149), (414, -26), (336, 238), (331, 563), (101, 220), (344, 232)]